1 Student 1 86 88 93 73 80 72 17 19 37 50 70 29 3 13 34 90 99 81 16 10 69 75 47 27 96 63 83 11 15 92 91 74 4 31 71 45 59 68 20 76 54 36 56 26 67 55 25 44 78 85 94 14 77 52 84 100 24 2 23 64 61 35 53 43 60 79 58 66 22 33 18 28 46 51 32 9 40 42 7 8 48 21 39 38 62 49 87 57 82 6 95 5 30 98 12 1 65 41 89 97 
2 Student 2 5 14 35 45 41 23 25 48 34 96 75 46 51 88 84 10 9 98 40 76 73 17 71 72 37 31 20 90 21 26 47 69 61 77 64 30 81 80 8 42 36 54 15 53 28 38 49 70 12 22 57 66 50 13 55 93 56 60 89 67 18 94 87 29 39 52 85 1 2 44 74 27 78 59 19 65 33 86 7 83 97 91 62 82 6 32 58 43 79 100 68 95 63 92 3 16 24 4 99 11 
3 Student 3 36 83 15 68 27 57 30 87 91 67 100 5 82 94 88 47 29 84 10 33 1 37 78 21 31 63 14 52 7 58 72 86 44 71 49 26 90 70 54 45 56 53 16 43 95 97 3 93 46 34 4 79 42 23 73 62 19 6 59 41 2 61 99 32 17 48 35 39 66 55 69 74 25 60 76 40 92 8 51 38 81 64 77 18 50 28 24 11 85 75 20 96 22 65 9 12 89 80 13 98 
4 Student 4 98 12 73 39 75 81 14 71 46 31 65 90 68 8 66 83 87 5 9 10 22 62 69 80 43 52 7 97 27 35 60 18 40 96 53 29 38 92 4 82 44 54 45 94 86 34 32 26 64 93 13 25 50 20 48 17 1 78 24 15 3 61 19 63 57 72 85 95 70 41 84 30 89 21 16 37 99 55 51 28 59 11 36 91 58 100 79 74 49 77 42 33 88 47 67 6 23 2 56 76 
5 Student 5 84 37 56 14 99 74 81 21 86 9 77 64 82 100 95 25 27 20 62 51 6 18 17 89 57 2 12 72 50 80 45 53 39 52 28 30 48 7 90 70 63 92 87 85 36 42 66 88 59 3 78 97 91 22 8 76 43 4 83 71 11 13 29 34 16 65 19 55 94 73 10 69 67 47 35 61 93 49 38 60 54 24 5 58 98 44 33 68 32 40 46 75 23 79 15 26 41 31 1 96 
6 Student 6 25 52 36 31 37 94 18 83 70 34 17 23 96 88 42 69 62 79 40 84 73 28 29 16 38 76 58 80 32 98 78 75 97 60 22 53 55 12 15 95 65 4 49 43 48 56 64 81 39 86 21 6 3 2 99 89 59 51 91 30 13 27 24 47 11 35 100 66 92 63 14 41 87 26 54 90 33 85 44 57 46 72 50 1 68 10 77 74 71 45 5 93 61 20 7 19 82 8 9 67 
7 Student 7 4 51 37 2 88 28 8 29 70 50 99 58 40 52 56 77 18 74 7 17 61 81 15 93 44 3 6 1 94 67 82 98 72 62 12 46 64 53 38 59 47 69 95 13 43 79 57 21 48 16 100 39 65 63 89 78 83 97 55 26 24 9 45 36 19 90 22 33 80 30 86 75 73 32 34 66 96 35 60 25 5 84 23 87 14 92 10 49 31 85 41 20 42 11 91 71 54 68 76 27 
8 Student 8 77 28 15 60 8 5 73 22 40 57 27 53 42 95 54 20 25 37 92 96 98 94 93 10 63 41 75 100 67 68 99 34 61 64 80 82 97 38 14 17 36 13 89 87 50 69 31 62 56 7 66 83 76 49 30 74 52 35 18 91 48 51 79 11 6 16 71 65 32 58 19 24 3 45 29 90 86 78 43 85 33 59 84 47 88 70 23 72 81 26 55 2 9 44 39 21 46 12 4 1 
9 Student 9 70 58 23 11 89 94 19 30 82 10 43 31 12 86 87 99 24 65 84 59 2 18 8 29 90 69 9 36 79 28 64 78 25 92 3 49 62 63 45 37 71 15 55 7 60 33 96 1 51 34 13 67 21 83 98 57 41 73 46 91 76 95 52 44 5 39 17 66 74 68 32 4 42 38 48 100 53 88 27 14 97 47 54 80 16 56 93 77 20 6 40 85 75 61 35 26 22 72 81 50 
10 Student 10 22 43 17 84 82 33 38 29 10 62 68 18 6 99 63 44 42 61 15 49 4 96 73 26 83 20 60 7 16 53 64 86 19 78 92 30 67 51 94 74 69 23 75 48 5 77 100 91 98 95 1 97 8 11 56 45 2 21 24 13 59 88 57 55 93 9 34 35 39 52 71 27 70 41 47 80 79 28 46 25 14 89 36 3 40 31 72 32 12 90 58 85 76 87 37 50 81 65 66 54 
11 Student 11 18 13 49 95 90 24 46 92 52 76 30 42 55 12 79 78 25 36 62 72 96 33 21 47 93 63 27 99 61 89 23 84 83 35 73 56 71 1 75 48 81 6 4 87 94 86 3 60 64 58 16 57 98 8 67 14 77 32 68 5 34 51 11 22 85 66 70 28 7 37 65 44 9 39 20 29 15 82 80 19 59 69 50 26 2 31 10 100 43 38 41 53 88 40 54 17 74 97 45 91 
12 Student 12 31 79 64 42 87 75 96 46 93 37 15 13 47 83 63 67 8 54 2 84 19 55 17 27 20 99 9 18 85 89 33 3 92 76 12 98 62 44 73 45 71 32 34 24 91 88 61 23 68 53 74 81 38 86 66 30 70 69 21 48 40 72 5 26 29 14 25 100 6 60 59 97 36 56 80 43 4 57 49 82 39 78 28 94 7 58 16 52 50 10 65 35 1 95 51 90 41 11 77 22 
13 Student 13 81 7 68 63 90 18 66 17 33 4 29 51 78 41 70 25 28 16 50 54 85 19 75 99 64 24 93 97 82 48 40 5 53 35 14 79 98 10 69 67 47 12 1 56 76 21 83 38 65 86 55 77 60 42 49 84 91 9 36 59 44 2 95 46 87 23 13 3 71 52 30 20 74 37 96 26 61 73 58 27 94 8 62 39 15 72 45 80 92 22 34 11 6 88 57 43 89 100 32 31 
14 Student 14 54 1 68 31 48 13 12 46 89 40 94 39 29 78 84 65 88 41 8 90 47 42 38 19 58 87 60 45 75 33 76 7 57 15 80 55 96 51 92 66 22 25 37 64 52 9 11 70 26 62 3 10 17 20 6 50 79 23 28 24 53 71 77 35 59 63 32 49 27 36 14 82 93 100 2 61 74 95 56 83 44 81 16 97 43 99 4 85 34 67 98 91 5 72 73 30 18 69 86 21 
15 Student 15 28 1 27 75 41 9 4 33 82 69 26 18 29 71 50 40 55 23 52 47 72 44 32 49 7 17 95 67 83 89 60 31 85 19 65 100 59 74 6 36 39 96 91 22 77 63 20 8 79 21 56 30 34 11 58 97 88 90 35 53 16 15 68 57 25 84 66 46 61 62 2 99 43 78 37 48 93 51 5 64 54 92 14 24 38 81 70 87 45 80 13 42 86 3 10 76 94 12 73 98 
16 Student 16 98 66 78 53 79 89 74 58 24 9 29 64 41 91 99 82 100 48 4 77 56 17 19 70 30 21 38 8 85 35 69 83 57 59 47 23 76 81 43 84 42 63 36 28 65 12 68 20 14 39 52 86 1 46 7 33 71 62 54 44 34 93 3 27 61 60 45 97 49 50 92 88 67 22 2 96 73 37 90 26 16 13 18 94 5 25 6 31 55 72 32 11 80 40 51 87 75 15 10 95 
17 Student 17 83 94 90 26 96 91 97 51 62 38 80 73 46 14 95 89 67 18 77 31 72 37 5 69 60 82 57 49 93 34 84 43 17 50 54 48 28 68 35 75 59 100 10 25 30 92 74 78 70 79 39 19 22 44 7 42 56 16 61 40 9 13 24 55 66 53 20 71 52 1 23 32 81 8 12 87 98 45 63 47 21 36 2 64 85 11 27 58 65 4 33 76 41 15 88 6 86 3 99 29 
18 Student 18 79 99 78 54 67 69 5 6 19 46 72 86 40 70 60 98 48 36 57 68 94 76 37 100 83 71 3 66 31 1 82 8 65 39 2 56 84 50 11 13 15 38 22 43 30 55 92 75 16 89 34 97 29 47 88 80 14 73 12 42 63 32 17 51 28 74 90 20 61 52 25 10 58 7 85 81 95 53 27 44 9 91 23 62 93 24 35 59 49 18 4 87 26 96 33 64 77 21 41 45 
19 Student 19 34 12 53 94 5 39 79 92 37 97 29 36 60 1 22 16 84 96 52 6 58 89 46 35 59 32 88 23 73 69 70 9 65 76 93 62 24 47 61 20 100 41 72 95 13 83 71 49 91 14 44 33 28 50 42 45 68 51 40 90 66 67 99 8 75 48 77 2 80 81 25 27 11 63 82 43 85 17 57 21 74 56 31 18 64 19 54 78 30 55 26 3 7 15 38 98 4 10 86 87 
20 Student 20 3 69 64 42 53 11 93 83 19 22 24 13 46 85 4 56 99 36 5 32 59 94 30 43 55 54 16 39 51 41 38 95 61 76 79 73 10 63 70 74 8 15 25 98 34 66 81 6 62 97 40 28 75 37 7 57 91 90 47 88 86 96 14 17 44 45 77 31 72 78 29 92 52 21 48 9 27 67 20 71 84 35 49 58 68 26 89 50 100 60 1 82 65 12 23 18 80 33 87 2 
21 Student 21 33 88 9 55 67 87 32 77 72 8 27 7 90 21 38 17 81 24 12 15 60 95 31 26 92 93 79 22 75 41 18 85 42 91 69 70 62 97 40 45 6 94 3 44 46 37 20 74 49 76 13 10 78 35 48 86 53 28 63 29 64 5 65 25 30 58 43 56 59 4 51 14 47 23 34 100 84 99 68 50 73 2 98 39 80 61 71 1 66 83 54 11 96 57 19 36 16 82 89 52 
22 Student 22 7 91 37 87 9 98 47 76 80 99 38 83 34 28 86 72 54 30 78 16 10 45 29 40 26 68 85 43 14 27 6 89 33 39 21 84 67 8 25 88 44 53 65 69 15 94 35 62 1 70 17 42 71 4 59 49 52 19 77 3 20 95 64 92 12 41 90 32 55 23 60 48 50 97 93 57 2 18 74 58 63 96 31 66 51 100 79 5 24 13 61 36 46 81 73 22 82 75 56 11 
23 Student 23 58 17 21 14 47 42 76 56 52 46 1 6 29 15 100 70 43 16 60 51 50 45 8 9 66 93 77 48 20 38 23 54 80 62 68 79 75 37 26 83 84 39 40 64 11 12 30 99 69 65 41 35 92 91 4 22 88 78 36 81 44 95 72 86 71 55 63 5 87 25 74 2 67 82 24 53 10 19 49 85 59 33 32 89 61 18 28 98 97 34 90 73 13 7 3 27 96 57 31 94 
24 Student 24 62 65 66 7 24 5 56 77 61 83 36 20 58 23 71 31 68 54 100 13 59 18 55 74 12 2 43 14 64 19 67 32 16 99 30 29 34 48 27 72 33 21 88 42 97 25 96 57 79 28 9 26 93 46 39 37 11 92 94 81 49 76 82 47 78 38 6 53 95 87 3 10 80 22 86 84 41 45 73 40 89 50 91 85 8 60 70 52 1 15 4 44 98 35 63 90 17 75 51 69 
25 Student 25 27 40 99 11 82 91 90 25 54 80 84 32 73 72 79 21 65 87 61 12 22 53 64 86 16 42 19 89 96 33 69 1 81 6 15 51 62 56 8 10 20 77 14 63 52 30 34 67 35 17 49 78 28 71 13 83 50 97 85 68 46 76 48 41 43 75 60 4 9 55 92 94 39 70 3 93 57 44 18 26 7 47 5 23 95 100 31 2 38 37 66 88 74 59 36 24 45 98 29 58 
26 Student 26 39 12 3 74 55 26 80 28 89 94 56 87 7 79 41 72 38 20 81 27 18 97 17 32 73 84 34 70 30 2 60 100 53 90 9 1 93 75 57 22 8 33 63 35 61 83 59 85 86 49 48 88 66 10 64 24 77 31 11 76 6 98 65 42 45 14 91 43 4 78 29 95 68 52 69 19 58 51 25 47 44 40 99 50 96 23 71 92 54 13 16 21 62 15 5 67 46 36 82 37 
27 Student 27 71 94 22 54 78 98 74 16 21 20 76 82 70 83 30 3 45 75 43 100 26 31 66 73 25 39 67 95 63 65 91 27 97 5 60 96 36 68 62 87 37 18 46 28 59 41 38 86 99 13 90 23 8 44 19 1 32 50 53 88 35 93 42 15 92 2 6 33 7 17 29 61 80 84 89 85 4 51 11 72 9 48 47 12 10 81 34 64 24 56 52 69 49 40 14 58 79 57 77 55 
28 Student 28 59 89 18 84 38 11 90 7 98 57 71 68 76 100 8 45 67 95 91 83 13 20 56 54 33 40 47 34 93 75 1 28 6 29 63 25 64 46 42 80 49 19 51 58 85 88 44 73 79 16 74 26 92 52 78 82 97 24 77 60 72 27 31 9 14 36 21 43 61 87 99 62 53 96 65 3 81 22 37 70 66 32 23 35 41 17 39 15 10 69 2 86 48 4 94 50 30 12 5 55 
29 Student 29 73 11 20 42 32 66 99 52 29 40 57 22 60 33 88 41 62 71 31 61 89 28 10 53 16 81 38 68 23 51 44 43 8 39 82 35 7 87 36 75 3 95 25 50 70 26 90 45 76 69 15 65 79 96 80 83 84 58 13 64 37 56 48 67 54 4 98 19 24 1 27 5 97 74 63 34 94 17 85 46 72 59 78 6 18 77 47 92 91 14 30 93 12 21 100 49 55 86 2 9 
30 Student 30 18 65 58 72 33 38 26 16 67 35 28 99 21 90 45 97 54 10 73 75 89 53 64 46 93 50 98 94 31 77 7 1 91 88 14 30 95 5 32 2 13 3 71 49 36 41 69 47 6 17 83 37 78 42 56 52 86 11 8 34 19 60 66 96 63 12 76 59 24 68 22 87 20 57 85 44 62 51 25 55 4 82 43 79 100 39 48 80 29 61 84 27 81 9 15 40 92 70 74 23 
31 Student 31 43 45 93 17 67 22 31 57 65 86 5 74 14 1 81 37 28 52 48 24 84 98 78 62 79 38 87 72 35 75 30 6 11 49 83 53 90 92 59 91 2 51 29 44 70 71 9 18 32 25 73 16 63 61 99 58 68 96 34 56 15 39 97 47 33 60 55 95 42 77 27 7 36 19 82 20 12 41 26 4 66 8 21 3 76 40 69 88 100 13 94 46 89 85 50 23 54 64 10 80 
32 Student 32 44 24 16 41 19 79 38 89 45 40 14 39 35 57 96 46 6 30 59 51 65 77 21 84 100 58 75 10 50 49 34 31 22 27 8 91 80 17 13 5 62 86 85 82 12 25 92 11 88 37 3 9 56 87 4 36 78 55 67 76 97 7 70 72 74 63 32 15 2 94 64 29 48 69 33 18 81 95 53 28 43 42 20 23 90 60 99 47 83 61 73 93 1 54 26 66 98 52 68 71 
33 Student 33 75 35 24 99 46 44 16 88 70 83 45 92 89 69 98 67 26 11 33 73 34 38 48 82 71 79 14 7 29 56 85 53 41 58 15 81 50 13 22 32 63 21 66 49 17 20 86 59 95 47 5 62 18 57 65 91 55 84 25 64 39 60 68 1 28 9 93 19 3 30 97 90 31 37 40 96 80 61 27 87 43 78 52 77 6 4 76 23 42 10 36 94 8 74 100 51 2 12 72 54 
34 Student 34 40 25 24 42 87 11 38 58 9 95 78 61 93 89 5 83 26 68 47 41 28 65 76 6 8 92 80 33 88 56 18 31 15 17 23 98 90 1 3 82 67 10 43 66 94 37 14 29 30 21 4 50 69 44 74 72 86 32 22 51 62 84 53 52 20 85 91 35 16 79 7 71 46 97 75 45 57 27 77 19 100 70 39 54 13 12 63 64 48 73 55 49 59 81 2 96 99 36 60 34 
35 Student 35 95 9 60 33 100 51 16 49 89 41 75 44 2 35 11 67 32 99 15 48 22 85 96 86 87 55 61 17 82 65 78 72 79 74 4 31 47 98 62 54 10 68 40 1 27 28 69 37 80 29 24 30 5 20 26 13 94 93 36 64 81 83 73 18 14 58 57 76 63 42 25 19 39 90 91 21 70 59 97 56 52 12 84 92 6 38 7 3 34 43 88 66 46 23 8 53 77 50 71 45 
36 Student 36 56 57 8 55 54 4 14 10 38 70 73 89 36 40 31 97 7 69 32 93 75 33 67 1 17 72 81 59 68 49 98 18 79 27 6 74 22 96 11 5 23 48 42 19 44 26 20 65 3 50 83 84 37 90 95 58 76 85 86 60 39 30 52 53 34 100 12 66 28 91 15 45 35 43 78 99 21 92 77 80 64 16 46 41 87 29 13 24 94 71 63 25 62 61 2 47 9 51 82 88 
37 Student 37 49 54 33 72 45 9 14 95 46 5 24 11 50 10 90 73 91 47 97 22 21 26 12 98 1 41 13 37 84 71 31 30 44 100 20 82 51 93 80 57 4 23 66 18 43 58 89 29 94 34 79 55 15 28 96 62 92 75 19 40 61 53 3 39 65 88 77 67 32 36 69 68 56 17 63 48 70 83 25 64 16 27 74 76 8 81 6 59 38 7 60 78 2 52 42 85 99 35 86 87 
38 Student 38 70 45 3 31 69 77 76 87 75 38 80 78 8 28 73 30 40 98 12 46 44 50 65 11 42 49 72 1 48 79 17 22 83 67 39 24 51 21 54 10 81 95 23 20 43 16 14 57 41 13 52 25 36 85 68 94 34 97 6 64 5 62 37 32 96 53 99 92 84 59 60 56 93 35 26 27 63 82 9 66 2 89 90 61 47 71 15 7 18 29 88 91 19 4 55 100 58 74 33 86 
39 Student 39 47 20 95 42 12 78 92 39 64 81 65 21 94 7 43 59 69 18 36 10 4 24 34 55 79 50 46 19 35 63 2 53 71 6 75 11 93 22 13 84 23 91 88 83 76 48 67 62 70 90 74 32 61 5 14 73 54 25 1 68 26 40 17 60 82 9 57 44 85 29 98 58 99 100 28 77 45 72 8 80 37 16 87 38 96 66 33 97 49 86 56 52 3 31 15 51 27 30 89 41 
40 Student 40 10 22 44 85 72 17 18 62 21 8 81 57 27 29 92 84 5 3 68 79 65 89 76 15 87 43 67 99 80 63 20 14 49 70 69 51 59 95 53 31 48 54 86 60 33 74 46 97 35 4 13 2 91 40 64 73 96 19 37 38 90 61 36 25 50 24 56 93 42 55 9 45 94 100 32 28 34 47 7 16 6 30 77 52 12 98 71 39 78 66 23 41 88 11 1 83 82 26 58 75 
41 Student 41 56 17 27 13 12 80 19 83 18 28 58 64 57 5 15 71 92 97 23 54 68 6 70 44 22 73 26 32 69 33 96 76 20 2 82 7 66 50 93 99 78 9 45 100 53 63 49 89 85 10 21 88 86 14 4 60 74 37 3 98 40 55 35 38 8 43 31 94 11 62 51 29 48 46 87 90 47 16 72 95 1 84 36 81 67 75 24 65 52 59 34 41 79 39 25 91 61 77 30 42 
42 Student 42 89 99 17 45 50 25 74 85 79 23 75 8 60 72 78 71 56 41 34 32 38 1 5 28 97 55 95 21 94 92 36 61 37 13 20 76 10 19 43 3 2 14 90 27 100 51 98 52 57 15 66 77 59 24 44 9 16 81 46 93 53 30 35 39 29 88 91 11 54 96 33 70 31 84 26 12 80 62 47 18 4 58 48 42 63 64 67 40 7 87 69 6 73 49 68 65 82 86 22 83 
43 Student 43 57 15 12 34 18 60 10 64 38 48 13 70 31 69 82 87 53 30 83 23 3 80 75 96 72 51 49 62 77 56 19 45 4 40 27 7 71 50 74 46 39 32 44 97 25 55 94 68 85 93 5 88 35 41 63 26 66 86 16 78 73 29 17 6 42 47 2 58 91 81 9 28 22 59 90 33 1 76 92 20 65 79 99 84 8 95 21 61 11 54 98 52 100 37 24 36 14 43 89 67 
44 Student 44 61 69 77 42 9 47 59 24 14 35 88 18 11 53 93 45 91 2 10 70 50 55 20 49 73 51 25 74 28 95 34 85 29 62 56 22 21 44 16 7 97 57 8 60 83 72 75 36 64 48 13 23 3 5 46 84 4 89 40 99 17 65 26 27 43 41 81 1 67 37 100 86 63 68 87 76 71 54 58 82 33 32 98 94 6 38 92 90 30 79 15 66 31 96 19 52 12 78 80 39 
45 Student 45 77 18 17 43 45 38 54 20 33 74 2 55 71 10 14 64 93 51 6 8 63 85 12 32 24 100 82 80 25 68 65 34 21 59 44 84 98 79 31 97 86 48 57 3 60 41 13 30 22 73 37 75 27 42 99 94 46 50 88 36 66 92 7 81 39 28 58 89 67 70 19 23 95 40 96 69 87 1 16 56 29 78 61 35 49 9 72 53 26 47 4 5 15 62 11 83 91 90 76 52 
46 Student 46 73 78 96 28 95 50 3 52 19 55 33 53 15 59 16 82 36 10 13 30 77 90 24 69 5 21 93 23 98 34 57 83 72 46 58 18 12 25 65 64 71 54 63 20 6 42 67 22 100 74 62 94 11 47 75 40 31 66 41 80 97 1 2 87 7 51 27 9 45 60 99 8 38 43 70 35 39 26 32 4 14 37 89 48 17 61 84 88 29 68 76 44 92 56 91 81 86 79 85 49 
47 Student 47 30 41 79 94 45 24 99 83 89 27 50 19 61 67 82 80 76 54 16 39 90 29 100 53 71 14 62 97 20 70 56 64 60 42 38 69 55 96 21 75 25 66 46 26 36 2 22 5 57 92 13 35 15 77 49 51 65 86 88 32 91 9 3 23 7 52 48 85 84 10 68 81 34 58 11 95 1 72 18 28 63 87 74 37 6 40 78 98 44 17 12 43 93 8 73 59 33 31 4 47 
48 Student 48 69 78 13 54 34 76 15 61 26 14 39 63 22 1 24 3 73 89 36 85 56 53 58 59 44 98 95 38 7 23 64 17 55 25 62 11 93 28 41 2 92 19 66 67 8 90 33 88 30 46 9 48 43 42 60 87 27 99 91 75 4 81 79 18 97 65 37 94 82 12 71 70 6 100 50 83 96 84 77 10 35 29 68 32 5 74 57 52 45 86 16 31 47 49 40 51 80 21 20 72 
49 Student 49 31 44 77 73 22 4 66 14 76 46 63 87 69 42 67 45 62 79 95 35 47 60 48 51 64 7 24 26 32 33 85 53 98 97 21 11 54 50 68 36 94 88 78 70 39 93 81 100 20 61 17 3 13 84 16 6 72 40 15 58 59 96 57 75 92 28 43 18 74 82 27 41 37 49 19 90 99 30 38 9 5 55 8 80 65 10 83 34 29 2 1 25 56 23 89 91 86 52 12 71 
50 Student 50 43 27 10 11 71 66 97 72 91 84 37 44 12 28 83 78 70 34 67 88 5 16 57 33 29 7 39 35 81 94 51 49 2 64 98 93 15 1 79 61 76 96 40 19 92 95 55 36 75 31 53 45 52 65 89 74 85 26 59 50 22 9 25 24 32 62 54 18 82 30 100 80 38 4 42 60 8 21 58 73 56 6 86 99 13 46 20 14 23 3 63 48 68 69 87 90 17 47 41 77 
51 Student 51 58 46 50 47 60 76 94 59 88 89 33 12 48 29 16 8 27 35 38 53 61 15 39 20 42 13 72 62 21 34 52 100 55 1 3 32 30 17 45 77 80 74 28 93 84 86 68 6 14 96 25 81 9 63 51 26 18 85 22 23 54 40 79 5 90 65 49 24 31 56 44 95 73 19 83 64 41 10 57 66 69 82 92 71 78 70 2 87 7 91 43 98 36 11 4 99 67 75 37 97 
52 Student 52 69 97 39 12 61 9 6 73 51 95 2 15 17 99 87 46 14 72 70 64 19 52 50 7 93 30 62 44 79 31 85 43 47 58 32 1 28 24 10 57 29 60 82 75 18 84 3 40 21 26 94 59 34 49 80 27 56 35 11 92 25 91 37 67 38 74 89 36 77 100 83 65 4 86 13 16 96 78 20 81 54 33 8 53 66 22 45 90 41 76 63 98 55 48 68 5 88 42 71 23 
53 Student 53 52 56 74 58 24 89 59 64 47 1 99 50 17 5 76 43 84 61 35 91 83 57 42 2 68 36 55 53 79 81 28 39 92 12 70 44 15 54 25 14 49 29 96 87 9 65 46 10 37 45 90 69 72 80 86 67 21 19 94 85 77 13 63 62 98 88 93 7 32 26 22 11 82 40 100 41 73 4 27 97 95 18 48 20 6 16 75 23 78 71 34 30 31 33 38 3 60 8 51 66 
54 Student 54 96 3 32 35 33 4 68 88 47 100 48 7 37 1 60 51 64 15 16 22 43 45 5 23 72 94 87 9 71 14 65 31 12 82 57 58 25 18 19 21 83 20 34 30 54 92 78 77 40 36 86 70 41 63 74 42 97 44 79 49 26 13 73 59 24 66 11 17 56 89 75 6 69 39 61 80 53 67 27 55 81 2 93 91 98 28 8 90 95 84 50 76 38 62 52 99 10 46 29 85 
55 Student 55 28 81 78 11 70 64 97 17 72 27 92 15 3 29 49 77 25 42 57 33 89 40 61 30 20 69 51 79 62 58 24 47 94 74 93 99 39 54 34 87 56 65 48 1 8 6 67 75 76 84 59 71 26 14 36 60 63 95 37 88 73 82 10 44 90 23 9 83 85 18 45 86 4 100 66 38 68 22 32 98 41 31 12 46 55 35 2 7 50 5 96 52 91 13 53 80 21 43 19 16 
56 Student 56 38 50 99 1 34 2 27 26 45 100 8 94 48 90 64 24 23 14 86 59 75 46 36 76 74 41 70 47 72 3 55 37 87 6 78 98 11 18 80 12 20 51 82 54 25 33 31 17 79 9 4 88 62 60 29 69 77 67 56 61 42 63 89 57 49 52 85 32 65 84 95 58 16 13 21 96 68 5 92 35 93 43 30 10 15 22 83 66 44 19 28 81 40 39 7 73 53 97 91 71 
57 Student 57 84 32 95 17 13 12 61 45 90 59 89 62 51 94 43 83 20 98 52 4 87 91 44 72 71 66 27 79 36 86 77 22 31 55 75 33 15 8 35 85 25 9 46 82 92 10 74 34 16 100 68 18 69 48 19 14 93 56 41 96 50 5 30 54 42 3 81 78 88 65 37 1 80 99 63 49 2 7 73 64 11 70 28 21 60 24 6 38 47 26 97 57 76 29 39 67 58 53 40 23 
58 Student 58 97 65 13 92 95 87 53 27 49 75 88 32 51 64 40 14 28 44 68 78 99 71 76 24 12 98 5 56 50 69 74 10 38 4 66 80 59 25 86 36 100 70 20 43 15 58 17 77 82 1 54 85 19 3 81 48 41 33 90 2 37 57 9 7 89 31 18 29 45 93 63 26 21 67 73 96 52 11 35 47 42 16 61 30 23 91 84 94 8 34 62 79 60 55 39 46 22 83 72 6 
59 Student 59 3 70 44 53 50 87 52 2 89 15 45 38 26 71 18 91 97 39 23 51 5 8 43 74 75 21 47 17 55 65 10 57 22 20 58 1 35 67 31 76 69 4 32 33 88 81 83 95 78 36 99 64 72 48 7 77 98 92 62 85 9 34 49 79 29 63 82 94 68 6 41 93 24 28 42 54 16 90 13 40 37 73 60 30 46 12 14 84 61 66 80 100 25 27 59 56 96 19 11 86 
60 Student 60 35 43 82 8 24 86 7 14 83 69 30 51 58 95 59 42 19 61 12 75 98 89 10 57 5 70 52 56 44 16 55 1 4 68 18 66 97 67 91 74 76 17 20 63 93 84 23 94 54 50 22 21 25 41 46 85 15 64 92 28 9 3 77 36 65 13 32 88 45 53 11 47 26 72 48 34 39 33 60 96 79 40 73 99 2 87 100 90 71 80 49 6 38 29 62 81 31 27 37 78 
61 Student 61 79 36 66 100 84 99 98 95 24 4 91 30 16 87 94 38 90 23 71 37 53 25 45 69 65 56 43 68 61 77 52 8 96 5 29 42 63 11 54 82 12 21 85 44 48 78 15 83 22 70 74 17 51 28 26 47 58 6 62 55 27 97 32 33 19 7 75 72 59 39 80 76 34 57 13 50 93 86 81 14 73 40 10 64 2 31 35 49 20 92 3 89 1 67 18 60 88 46 9 41 
62 Student 62 92 1 15 33 79 81 29 77 90 32 68 37 31 44 52 97 55 13 91 85 47 96 63 7 20 18 6 61 64 83 93 40 98 16 78 8 3 48 12 49 65 50 21 82 5 95 59 35 14 43 19 84 34 11 72 41 10 73 39 66 87 4 30 75 36 9 45 60 56 22 38 99 86 69 24 58 23 100 42 17 28 76 57 70 25 88 80 67 71 26 89 46 2 94 54 74 62 51 53 27 
63 Student 63 46 92 48 79 69 10 54 36 30 60 34 99 1 24 49 38 6 13 57 21 26 11 59 27 4 90 61 72 74 73 75 43 81 44 15 86 35 33 31 63 3 52 56 66 87 100 29 84 71 45 39 65 16 89 94 93 22 20 64 80 41 83 23 50 68 88 76 58 25 14 85 19 37 96 55 53 70 40 78 7 47 17 18 5 28 9 32 51 8 91 2 62 67 82 97 95 77 98 12 42 
64 Student 64 79 37 49 5 47 57 11 39 12 19 34 67 76 28 98 70 48 16 92 20 38 46 17 97 7 74 83 99 2 42 31 21 91 54 1 9 33 85 80 36 26 43 78 95 81 72 100 22 77 50 75 69 93 87 56 45 62 30 71 23 52 66 51 14 58 60 27 64 89 94 3 8 41 29 84 40 10 82 96 44 15 61 88 4 53 25 35 68 65 59 13 24 73 32 55 90 86 6 18 63 
65 Student 65 50 96 82 97 45 71 90 54 49 35 21 13 19 1 5 62 72 99 44 24 17 75 31 6 7 9 56 20 39 42 16 59 58 91 73 80 100 29 94 57 2 64 28 51 53 34 79 33 30 60 74 87 40 4 84 11 26 63 32 25 83 12 27 55 41 37 8 10 92 3 48 15 43 93 98 70 78 86 22 95 68 23 76 89 77 52 47 38 65 36 46 81 85 66 14 18 69 61 67 88 
66 Student 66 69 51 50 58 82 88 45 20 72 93 95 6 98 91 2 44 68 100 65 1 86 32 79 78 37 74 39 52 46 26 60 16 97 66 4 73 13 49 90 43 30 77 33 10 80 18 54 89 15 62 38 12 24 67 17 87 61 42 75 7 34 59 11 83 81 56 22 55 40 35 9 31 23 5 27 99 92 53 71 3 64 28 94 47 63 41 25 8 57 21 48 14 84 29 19 96 36 76 70 85 
67 Student 67 23 24 71 72 46 45 90 67 66 36 34 22 37 62 94 58 42 31 60 57 2 8 99 21 48 25 100 76 28 74 15 38 19 7 85 29 39 70 40 91 53 54 6 83 14 80 16 9 35 64 65 61 13 98 87 68 20 30 51 43 12 92 33 11 5 95 4 79 44 55 32 89 81 26 84 97 47 17 75 49 18 50 59 77 82 10 56 27 69 93 86 41 78 1 52 73 3 63 88 96 
68 Student 68 7 34 100 88 24 43 36 52 26 86 96 45 41 56 53 17 79 70 54 68 82 9 29 32 2 37 80 21 62 27 99 59 71 46 20 92 39 66 31 63 90 65 85 74 44 57 18 38 95 33 13 64 55 23 75 1 25 5 12 97 16 98 60 84 35 61 69 28 91 73 78 49 22 81 67 89 58 3 72 51 8 19 15 48 47 83 40 77 11 6 14 10 76 87 4 93 42 30 94 50 
69 Student 69 95 49 27 11 42 34 81 24 89 83 39 32 25 38 41 28 65 3 44 94 79 55 36 73 1 63 91 48 23 9 29 10 62 88 90 17 86 66 26 67 18 96 77 21 35 43 85 61 75 4 71 80 60 99 52 20 37 47 5 16 92 8 54 56 14 87 31 19 98 70 51 40 100 12 78 59 53 84 69 46 22 2 68 74 45 72 7 93 82 58 64 13 30 97 6 50 15 57 33 76 
70 Student 70 57 48 15 98 51 31 89 71 3 19 20 6 27 11 13 49 81 92 62 36 44 12 88 42 8 91 9 33 97 59 52 25 30 50 82 93 43 66 68 80 23 5 22 1 79 29 24 40 70 55 96 76 32 72 41 54 95 2 39 18 34 60 90 26 14 10 100 63 94 53 21 45 69 17 64 28 35 75 38 37 58 78 46 61 56 4 47 7 99 83 87 73 16 85 84 65 77 74 86 67 
71 Student 71 33 61 5 31 35 72 62 99 39 57 85 84 37 22 76 3 50 80 60 16 95 59 83 43 58 55 2 90 41 14 98 82 64 28 10 8 94 29 79 19 45 44 21 49 25 51 24 73 27 92 89 53 18 68 15 87 34 40 9 32 91 11 65 26 81 23 100 4 71 74 77 67 93 66 96 20 86 38 42 7 97 88 54 48 75 47 46 78 17 63 36 12 30 69 52 70 56 1 6 13 
72 Student 72 68 27 73 57 56 87 82 83 71 42 65 25 33 97 100 76 28 49 63 92 4 1 77 74 16 61 86 41 31 37 29 12 98 3 10 60 88 79 48 43 64 58 34 7 90 30 59 24 55 81 13 50 52 96 26 36 75 8 18 70 51 9 20 95 69 2 22 99 32 14 5 17 94 19 89 80 38 67 62 6 47 54 78 40 44 46 53 35 21 84 66 11 15 45 23 39 91 85 93 72 
73 Student 73 60 70 79 96 80 24 8 53 11 98 89 46 56 15 92 4 77 99 2 1 5 90 18 78 47 67 23 40 12 97 7 87 26 36 48 43 86 100 95 33 91 39 76 83 72 27 30 32 52 63 85 68 45 71 35 13 37 57 19 62 9 10 66 34 64 42 16 84 31 22 54 14 55 28 41 44 75 73 65 20 81 58 74 21 51 61 82 94 6 3 93 69 49 50 59 17 38 29 25 88 
74 Student 74 84 23 61 21 76 24 89 93 88 25 99 28 100 30 67 40 82 3 45 86 14 58 80 9 66 39 57 96 41 75 60 52 92 8 55 63 62 34 27 19 31 53 71 10 26 69 29 79 85 1 90 77 83 51 44 65 47 81 2 54 64 50 73 17 36 72 95 15 18 59 6 7 49 5 87 68 38 32 98 78 46 43 70 11 42 12 97 16 22 48 4 13 33 37 74 91 94 20 56 35 
75 Student 75 63 45 91 40 14 78 66 53 92 81 80 59 38 39 52 41 7 22 87 44 72 49 5 4 47 43 1 58 88 11 89 69 76 65 12 31 85 27 36 54 19 34 29 30 21 83 67 56 64 51 26 42 48 68 13 61 71 95 6 9 15 17 60 75 24 84 28 2 32 86 18 100 25 82 57 50 73 23 96 33 8 99 16 98 70 37 3 55 94 46 35 77 93 62 74 20 90 10 79 97 
76 Student 76 78 7 25 84 95 83 51 13 32 49 66 17 22 26 34 50 65 71 31 61 98 47 80 85 76 70 48 96 52 79 56 18 11 46 90 82 86 37 35 45 33 99 81 27 93 1 40 68 4 58 97 29 39 63 3 23 12 91 19 16 6 87 88 73 38 24 20 9 92 57 74 72 53 15 42 67 100 77 62 43 10 41 5 2 8 36 30 28 64 89 14 55 75 94 54 44 21 69 60 59 
77 Student 77 80 2 32 5 48 23 42 96 70 86 79 67 57 87 28 11 84 85 41 60 82 58 75 53 49 29 6 81 45 25 12 73 91 99 56 51 13 10 39 61 65 50 71 30 9 59 43 8 26 62 72 24 47 78 69 7 19 93 76 46 20 36 38 74 98 90 44 17 77 27 31 40 33 15 22 88 4 37 55 94 21 64 16 92 52 63 18 3 14 35 34 83 100 1 97 66 89 68 95 54 
78 Student 78 37 72 38 53 27 44 88 63 73 15 64 52 49 11 56 87 74 65 83 4 84 9 77 13 6 62 45 57 51 75 92 17 89 23 70 24 29 36 28 82 2 18 81 98 97 41 86 85 90 99 50 46 67 26 19 78 100 93 22 91 39 40 61 79 5 12 16 58 55 1 54 71 34 25 31 35 32 21 14 7 60 20 3 94 76 47 43 48 8 42 68 95 30 96 66 33 10 59 69 80 
79 Student 79 95 81 5 10 68 19 27 75 50 26 6 82 47 71 43 84 60 3 79 1 4 65 86 25 55 8 59 15 56 40 23 69 28 11 89 100 52 58 7 98 87 48 22 90 13 44 24 91 14 32 83 76 57 35 93 39 18 12 77 85 36 92 99 67 29 78 73 61 63 9 96 80 72 64 31 17 66 49 41 2 62 30 20 74 88 51 97 42 46 94 33 37 16 38 21 54 53 34 45 70 
80 Student 80 60 44 83 82 19 42 76 17 37 100 11 67 35 5 73 41 58 71 6 89 52 80 91 64 62 53 2 96 25 78 38 36 59 75 88 72 61 49 21 51 1 63 24 99 93 4 65 54 10 18 97 98 47 16 20 68 66 27 31 14 57 92 7 13 94 26 30 8 9 46 74 33 23 81 40 22 43 56 39 79 55 84 70 45 32 12 28 29 85 87 50 90 15 77 86 95 48 69 34 3 
81 Student 81 65 39 94 68 43 82 14 50 29 10 32 48 11 25 63 23 47 15 57 87 49 34 53 38 45 41 92 35 24 16 54 19 69 76 2 59 33 18 6 84 79 4 31 44 46 51 90 100 28 86 3 74 66 85 8 40 7 70 36 62 55 21 22 20 78 73 99 77 83 88 58 96 30 72 1 93 95 56 5 12 9 71 81 17 13 60 97 42 67 89 26 27 98 52 64 37 75 91 80 61 
82 Student 82 97 58 92 87 43 47 27 66 68 81 49 62 70 21 4 84 88 86 3 8 60 16 10 98 74 19 56 57 22 37 29 44 36 5 46 85 69 40 30 90 83 24 63 72 35 61 53 65 42 89 91 45 71 11 55 7 20 28 15 73 77 18 17 79 2 1 9 82 93 34 67 33 100 23 25 6 59 75 14 96 48 41 32 80 54 39 99 51 31 12 26 52 38 50 13 64 76 95 94 78 
83 Student 83 83 3 6 2 93 85 30 82 58 62 65 39 47 73 100 10 29 59 9 60 19 45 33 37 78 32 14 68 67 20 36 86 79 97 70 66 71 8 52 54 50 80 51 7 96 11 34 18 98 38 55 24 77 17 15 44 75 48 41 25 84 74 56 4 88 13 94 35 27 95 87 42 99 89 57 12 43 28 22 26 92 63 1 76 21 23 40 53 72 5 46 31 61 90 64 69 16 91 49 81 
84 Student 84 61 100 43 69 57 18 8 28 85 44 40 1 6 50 93 21 12 96 82 73 75 38 74 67 23 84 37 80 59 41 78 49 99 62 86 48 27 90 14 92 65 10 4 87 7 30 66 98 91 47 70 79 52 63 83 24 76 60 54 72 58 77 95 55 25 16 9 32 17 88 94 35 20 36 3 64 56 15 42 51 22 26 97 11 31 2 34 29 68 45 46 39 19 5 33 81 13 89 53 71 
85 Student 85 63 33 77 49 48 7 53 2 50 79 86 66 56 37 15 59 54 14 92 84 99 23 81 69 24 68 83 26 36 40 44 39 46 67 82 87 5 90 55 38 91 8 96 100 10 3 95 88 32 98 57 76 45 80 31 93 52 75 60 47 72 71 21 29 58 74 51 70 22 13 4 62 89 30 17 78 12 73 28 64 65 27 20 34 35 16 94 61 11 9 18 41 25 19 43 6 1 42 97 85 
86 Student 86 70 72 10 18 45 87 61 13 88 28 68 54 62 47 64 49 51 14 75 41 74 56 38 33 85 86 8 73 44 100 92 16 20 7 99 67 65 27 48 93 37 82 3 4 15 90 95 77 81 24 12 2 35 55 39 36 83 79 71 9 57 69 11 52 25 50 58 22 76 5 30 46 31 53 6 43 60 94 21 26 17 89 97 84 23 98 34 66 63 96 1 42 29 59 40 91 80 32 19 78 
87 Student 87 27 64 19 1 22 32 76 26 14 34 80 68 41 83 98 46 55 52 50 9 53 6 33 63 97 45 16 7 54 94 36 13 43 73 78 82 89 100 3 92 86 4 35 77 23 31 70 84 71 75 42 5 37 69 57 66 96 67 24 81 28 95 61 93 48 44 59 12 65 38 58 72 20 39 85 11 60 56 51 47 18 15 8 90 21 62 30 40 74 99 25 49 29 10 91 17 2 88 87 79 
88 Student 88 48 10 62 91 57 82 2 19 98 30 86 43 26 8 66 21 45 55 61 28 34 5 38 52 89 85 51 54 79 64 69 87 76 78 84 20 42 80 88 11 7 59 27 44 25 60 72 14 24 95 4 83 22 1 92 17 74 53 18 77 41 12 47 37 70 71 93 94 40 99 58 46 90 13 97 15 81 63 100 67 50 75 96 65 36 3 9 39 35 23 33 6 32 56 73 31 29 16 49 68 
89 Student 89 45 40 26 64 80 59 38 1 88 94 39 11 36 34 97 83 51 81 10 85 14 18 46 73 31 47 37 49 27 93 67 4 55 62 77 29 74 82 20 24 66 2 79 12 21 13 42 69 61 70 72 43 19 86 92 96 48 52 16 90 84 56 68 9 32 91 53 76 15 54 7 50 63 58 5 3 23 33 28 89 60 41 71 100 22 17 75 99 25 57 44 6 30 65 87 8 78 35 98 95 
90 Student 90 23 58 40 47 96 24 62 77 46 76 54 57 86 74 72 15 79 64 88 18 36 95 20 25 73 67 69 71 44 78 91 65 52 39 48 5 43 29 31 26 6 98 27 45 19 49 81 55 84 2 51 63 12 42 17 7 53 89 9 4 59 80 30 10 41 11 8 85 82 16 38 90 13 35 68 97 61 99 34 56 28 75 1 94 21 100 50 3 33 66 70 32 14 22 37 60 83 93 87 92 
91 Student 91 39 64 14 72 99 32 73 29 84 96 38 11 80 97 10 36 5 93 33 98 28 57 56 74 44 81 51 58 46 34 79 86 27 18 67 17 65 48 94 55 71 78 45 24 54 7 50 41 15 91 2 89 63 76 62 87 43 9 42 26 47 82 69 8 85 4 30 77 31 52 70 35 21 61 49 83 23 66 22 95 100 68 37 60 16 19 20 25 3 53 12 88 75 13 59 1 6 40 92 90 
92 Student 92 68 96 40 6 47 9 70 48 61 21 49 88 80 17 91 90 54 56 28 99 37 7 38 39 66 79 14 67 89 58 95 85 60 11 34 62 52 23 26 82 93 83 27 30 20 84 64 41 13 36 44 25 63 53 1 8 32 78 73 98 19 31 94 42 33 87 92 55 4 71 81 46 29 45 86 77 5 59 57 12 10 69 97 16 50 75 65 22 24 76 51 3 72 74 2 15 35 43 100 18 
93 Student 93 64 13 71 49 5 95 45 15 9 56 79 21 87 61 43 11 40 55 57 90 59 23 51 37 85 27 72 25 92 62 88 32 38 86 47 80 70 14 4 19 50 65 52 18 6 34 3 1 53 63 46 22 89 82 98 16 77 99 31 67 44 36 97 76 30 33 78 68 60 10 93 54 58 8 81 69 100 91 41 2 73 7 29 26 74 66 20 96 75 48 12 42 35 17 84 24 39 28 94 83 
94 Student 94 4 3 71 54 38 17 63 70 93 20 12 53 9 87 39 37 75 2 82 79 100 34 11 15 64 74 13 55 68 65 78 22 60 29 49 51 25 33 42 97 31 59 1 24 40 61 66 95 27 30 48 85 35 57 91 73 46 86 96 19 6 81 50 80 88 62 90 99 84 45 10 52 14 76 89 69 16 67 28 58 18 83 56 26 94 98 41 47 23 77 92 43 5 7 32 8 36 21 72 44 
95 Student 95 92 52 72 53 33 9 86 3 95 18 43 19 39 8 25 31 24 17 11 7 29 68 16 55 56 73 12 58 61 94 21 79 30 66 10 28 63 48 81 14 51 27 100 70 34 37 97 46 45 13 90 85 44 4 41 60 93 23 65 6 89 15 77 80 83 50 42 2 22 32 71 1 96 49 47 98 20 69 26 35 99 62 40 87 59 75 74 82 84 67 57 76 64 5 91 38 78 54 36 88 
96 Student 96 72 76 26 40 39 32 98 70 15 60 19 51 71 8 44 69 99 58 3 73 53 6 13 35 96 89 11 88 50 54 43 80 23 86 92 52 95 55 77 48 62 36 82 87 28 75 14 65 12 7 63 41 27 20 24 38 57 85 42 59 1 29 5 31 68 81 91 45 78 97 49 66 22 64 90 18 84 74 94 2 79 10 25 100 83 17 9 61 33 46 30 21 16 67 93 56 34 47 37 4 
97 Student 97 91 46 66 36 95 24 25 2 64 74 94 27 88 29 78 56 55 54 98 87 5 34 93 77 90 20 85 70 44 67 99 59 92 33 42 17 13 75 30 63 28 35 65 51 82 69 31 16 61 86 47 19 71 1 26 43 22 38 4 79 11 23 7 50 68 45 73 81 100 52 58 32 97 3 12 39 84 60 10 40 9 72 53 89 37 83 14 80 21 6 15 57 8 48 76 41 62 49 18 96 
98 Student 98 44 91 98 10 41 81 46 66 49 17 70 53 9 87 99 14 8 72 79 21 42 19 29 92 84 86 76 4 6 47 64 40 24 94 30 45 65 34 62 15 73 33 95 89 69 78 31 67 96 26 48 90 27 39 25 28 80 55 77 37 82 59 58 97 1 74 85 57 20 68 13 11 50 93 100 18 23 5 7 12 38 61 71 32 52 3 60 2 16 51 88 22 75 35 63 54 83 56 43 36 
99 Student 99 58 13 27 22 11 9 94 88 89 96 24 29 93 80 1 65 15 32 44 3 31 55 37 76 85 46 60 84 21 69 2 57 51 28 14 78 25 75 35 36 70 45 100 8 71 23 92 63 79 6 91 97 61 64 39 49 19 73 95 10 50 86 43 82 52 56 40 42 4 7 53 47 34 38 66 68 87 62 90 98 41 67 30 59 33 72 16 77 99 54 26 83 74 12 5 18 17 81 48 20 
100 Student 100 40 36 38 79 83 78 52 76 72 100 2 77 4 12 69 88 34 49 45 23 64 22 8 27 70 97 85 39 43 63 25 62 92 99 87 81 68 5 42 89 55 50 16 95 84 93 96 33 29 71 18 94 48 28 46 15 54 91 14 10 32 30 7 74 59 66 73 13 53 47 37 1 65 11 75 19 26 3 61 9 35 21 67 56 98 6 60 41 44 58 17 86 57 24 80 20 82 90 51 31 
